10
0 145.0 16.0 10.0 97.01 101.0 100.08 104.08 110.07 118.07 
145.0 0 129.0 155.0 48.01 44.01 45.18 41.19 35.23 27.29 
16.0 129.0 0 26.0 81.01 85.01 84.1 88.09 94.09 102.08 
10.0 155.0 26.0 0 107.0 111.0 110.07 114.07 120.07 128.06 
97.01 48.01 81.01 107.0 0 4.0 4.24 7.62 13.34 21.21 
101.0 44.01 85.01 111.0 4.0 0 3.16 4.24 9.49 17.26 
100.08 45.18 84.1 110.07 4.24 3.16 0 4.0 10.0 18.0 
104.08 41.19 88.09 114.07 7.62 4.24 4.0 0 6.0 14.0 
110.07 35.23 94.09 120.07 13.34 9.49 10.0 6.0 0 8.0 
118.07 27.29 102.08 128.06 21.21 17.26 18.0 14.0 8.0 0 

