25
0 51.04 52.09 66.07 68.07 69.07 70.06 72.06 73.06 80.06 24.17 29.73 30.68 31.62 34.48 36.4 37.36 38.33 40.26 42.2 44.15 45.12 46.1 52.95 54.92 
51.04 0 1.41 15.03 17.03 18.03 19.03 21.02 22.02 29.02 30.08 24.35 23.41 22.47 19.7 17.89 17.0 16.12 14.42 12.81 11.31 10.63 10.0 8.06 8.54 
52.09 1.41 0 14.0 16.0 17.0 18.0 20.0 21.0 28.0 30.81 25.0 24.04 23.09 20.25 18.38 17.46 16.55 14.76 13.04 11.4 10.63 9.9 7.0 7.28 
66.07 15.03 14.0 0 2.0 3.0 4.0 6.0 7.0 14.0 44.55 38.64 37.66 36.67 33.73 31.78 30.81 29.83 27.89 25.96 24.04 23.09 22.14 15.65 13.89 
68.07 17.03 16.0 2.0 0 1.0 2.0 4.0 5.0 12.0 46.53 40.61 39.62 38.64 35.69 33.73 32.76 31.78 29.83 27.89 25.96 25.0 24.04 17.46 15.65 
69.07 18.03 17.0 3.0 1.0 0 1.0 3.0 4.0 11.0 47.52 41.59 40.61 39.62 36.67 34.71 33.73 32.76 30.81 28.86 26.93 25.96 25.0 18.38 16.55 
70.06 19.03 18.0 4.0 2.0 1.0 0 2.0 3.0 10.0 48.51 42.58 41.59 40.61 37.66 35.69 34.71 33.73 31.78 29.83 27.89 26.93 25.96 19.31 17.46 
72.06 21.02 20.0 6.0 4.0 3.0 2.0 0 1.0 8.0 50.49 44.55 43.57 42.58 39.62 37.66 36.67 35.69 33.73 31.78 29.83 28.86 27.89 21.19 19.31 
73.06 22.02 21.0 7.0 5.0 4.0 3.0 1.0 0 7.0 51.48 45.54 44.55 43.57 40.61 38.64 37.66 36.67 34.71 32.76 30.81 29.83 28.86 22.14 20.25 
80.06 29.02 28.0 14.0 12.0 11.0 10.0 8.0 7.0 0 58.42 52.47 51.48 50.49 47.52 45.54 44.55 43.57 41.59 39.62 37.66 36.67 35.69 28.86 26.93 
24.17 30.08 30.81 44.55 46.53 47.52 48.51 50.49 51.48 58.42 0 6.0 7.0 8.0 11.0 13.0 14.0 15.0 17.0 19.0 21.0 22.0 23.0 30.0 32.0 
29.73 24.35 25.0 38.64 40.61 41.59 42.58 44.55 45.54 52.47 6.0 0 1.0 2.0 5.0 7.0 8.0 9.0 11.0 13.0 15.0 16.0 17.0 24.0 26.0 
30.68 23.41 24.04 37.66 39.62 40.61 41.59 43.57 44.55 51.48 7.0 1.0 0 1.0 4.0 6.0 7.0 8.0 10.0 12.0 14.0 15.0 16.0 23.0 25.0 
31.62 22.47 23.09 36.67 38.64 39.62 40.61 42.58 43.57 50.49 8.0 2.0 1.0 0 3.0 5.0 6.0 7.0 9.0 11.0 13.0 14.0 15.0 22.0 24.0 
34.48 19.7 20.25 33.73 35.69 36.67 37.66 39.62 40.61 47.52 11.0 5.0 4.0 3.0 0 2.0 3.0 4.0 6.0 8.0 10.0 11.0 12.0 19.0 21.0 
36.4 17.89 18.38 31.78 33.73 34.71 35.69 37.66 38.64 45.54 13.0 7.0 6.0 5.0 2.0 0 1.0 2.0 4.0 6.0 8.0 9.0 10.0 17.0 19.0 
37.36 17.0 17.46 30.81 32.76 33.73 34.71 36.67 37.66 44.55 14.0 8.0 7.0 6.0 3.0 1.0 0 1.0 3.0 5.0 7.0 8.0 9.0 16.0 18.0 
38.33 16.12 16.55 29.83 31.78 32.76 33.73 35.69 36.67 43.57 15.0 9.0 8.0 7.0 4.0 2.0 1.0 0 2.0 4.0 6.0 7.0 8.0 15.0 17.0 
40.26 14.42 14.76 27.89 29.83 30.81 31.78 33.73 34.71 41.59 17.0 11.0 10.0 9.0 6.0 4.0 3.0 2.0 0 2.0 4.0 5.0 6.0 13.0 15.0 
42.2 12.81 13.04 25.96 27.89 28.86 29.83 31.78 32.76 39.62 19.0 13.0 12.0 11.0 8.0 6.0 5.0 4.0 2.0 0 2.0 3.0 4.0 11.0 13.0 
44.15 11.31 11.4 24.04 25.96 26.93 27.89 29.83 30.81 37.66 21.0 15.0 14.0 13.0 10.0 8.0 7.0 6.0 4.0 2.0 0 1.0 2.0 9.0 11.0 
45.12 10.63 10.63 23.09 25.0 25.96 26.93 28.86 29.83 36.67 22.0 16.0 15.0 14.0 11.0 9.0 8.0 7.0 5.0 3.0 1.0 0 1.0 8.0 10.0 
46.1 10.0 9.9 22.14 24.04 25.0 25.96 27.89 28.86 35.69 23.0 17.0 16.0 15.0 12.0 10.0 9.0 8.0 6.0 4.0 2.0 1.0 0 7.0 9.0 
52.95 8.06 7.0 15.65 17.46 18.38 19.31 21.19 22.14 28.86 30.0 24.0 23.0 22.0 19.0 17.0 16.0 15.0 13.0 11.0 9.0 8.0 7.0 0 2.0 
54.92 8.54 7.28 13.89 15.65 16.55 17.46 19.31 20.25 26.93 32.0 26.0 25.0 24.0 21.0 19.0 18.0 17.0 15.0 13.0 11.0 10.0 9.0 2.0 0 

