80
0 8.0 11.0 23.0 53.0 56.0 68.0 18.03 49.01 8.94 4.47 52.15 54.15 15.52 57.14 59.14 13.42 8.49 6.0 7.81 8.49 20.88 21.84 29.61 35.51 38.47 45.4 47.38 62.29 78.31 8.6 7.07 33.73 39.62 79.25 81.22 18.44 16.64 15.65 14.56 14.14 14.0 14.04 14.14 14.87 16.12 17.2 19.1 20.52 22.02 22.8 23.6 28.65 30.41 31.3 34.01 34.93 38.63 39.56 42.38 43.32 44.27 49.04 50.96 37.16 27.8 23.35 55.66 59.48 64.29 70.09 73.98 57.58 68.31 71.17 75.0 69.57 73.38 26.42 23.0 
8.0 0 3.0 15.0 45.0 48.0 60.0 26.02 41.01 16.49 10.77 44.18 46.17 23.35 49.16 51.16 20.88 15.23 10.0 6.71 6.32 13.42 14.32 21.84 27.66 30.59 37.48 39.46 54.33 70.35 14.76 9.9 25.96 31.78 71.39 73.35 24.41 22.02 20.52 18.44 17.2 16.12 15.65 15.23 14.32 14.0 14.14 14.87 15.65 16.64 17.2 17.8 22.02 23.6 24.41 26.93 27.78 31.3 32.2 34.93 35.85 36.77 41.44 43.32 30.02 22.02 29.41 48.1 51.87 56.61 62.36 66.22 50.16 60.75 63.57 67.36 62.03 65.79 31.14 24.35 
11.0 3.0 0 12.0 42.0 45.0 57.0 29.02 38.01 19.42 13.6 41.19 43.19 26.31 46.17 48.17 23.77 18.03 12.53 8.49 7.81 10.82 11.66 18.97 24.74 27.66 34.53 36.5 51.35 67.36 17.46 12.21 23.09 28.86 68.45 70.41 26.93 24.41 22.8 20.52 19.1 17.8 17.2 16.64 15.23 14.32 14.04 14.14 14.56 15.23 15.65 16.12 19.8 21.26 22.02 24.41 25.24 28.65 29.53 32.2 33.11 34.01 38.63 40.5 27.46 20.25 31.91 45.31 49.04 53.76 59.48 63.32 47.42 57.94 60.75 64.51 59.24 62.97 33.24 25.5 
23.0 15.0 12.0 0 30.0 33.0 45.0 41.01 26.02 31.26 25.32 29.27 31.26 38.21 34.23 36.22 35.51 29.61 23.77 18.97 18.03 6.71 6.32 8.49 13.42 16.16 22.8 24.74 39.46 55.44 28.86 23.09 12.21 17.46 56.75 58.69 37.7 34.93 33.11 30.41 28.65 26.93 26.08 25.24 22.8 20.52 19.1 17.2 16.12 15.23 14.87 14.56 14.14 14.56 14.87 16.12 16.64 19.1 19.8 22.02 22.8 23.6 27.78 29.53 18.6 17.03 42.54 34.48 38.01 42.54 48.1 51.87 36.89 46.96 49.66 53.31 48.3 51.89 42.72 32.53 
53.0 45.0 42.0 30.0 0 3.0 15.0 71.01 4.12 61.13 55.15 4.12 4.12 68.12 5.66 7.21 65.28 59.3 53.34 48.37 47.38 33.54 32.56 24.74 18.97 16.16 10.0 8.49 10.82 25.96 58.42 52.47 21.19 15.65 28.65 30.41 66.49 63.56 61.61 58.69 56.75 54.82 53.85 52.89 50.0 47.13 45.22 42.38 40.5 38.63 37.7 36.77 31.3 29.53 28.65 26.08 25.24 22.02 21.26 19.1 18.44 17.8 15.23 14.56 24.21 35.36 71.06 17.0 17.46 19.24 22.67 25.5 20.02 24.19 25.81 28.32 25.55 27.8 69.89 57.78 
56.0 48.0 45.0 33.0 3.0 0 12.0 74.01 7.07 64.12 58.14 5.66 4.47 71.11 4.12 5.0 68.26 62.29 56.32 51.35 50.36 36.5 35.51 27.66 21.84 18.97 12.53 10.82 8.49 23.09 61.4 55.44 24.04 18.38 26.08 27.78 69.43 66.49 64.54 61.61 59.67 57.72 56.75 55.79 52.89 50.0 48.08 45.22 43.32 41.44 40.5 39.56 34.01 32.2 31.3 28.65 27.78 24.41 23.6 21.26 20.52 19.8 16.64 15.65 26.63 38.01 73.98 17.26 17.03 18.03 20.81 23.35 20.1 22.85 24.19 26.4 24.17 26.08 72.73 60.54 
68.0 60.0 57.0 45.0 15.0 12.0 0 86.01 19.03 76.11 70.11 16.49 14.56 83.1 11.7 9.85 80.22 74.24 68.26 63.29 62.29 48.37 47.38 39.46 33.54 30.59 23.77 21.84 8.49 12.21 73.33 67.36 35.69 29.83 17.2 18.44 81.22 78.26 76.3 73.35 71.39 69.43 68.45 67.47 64.54 61.61 59.67 56.75 54.82 52.89 51.92 50.96 45.22 43.32 42.38 39.56 38.63 34.93 34.01 31.3 30.41 29.53 25.24 23.6 37.16 49.04 85.7 22.67 20.25 18.03 17.0 17.46 24.41 21.21 21.0 21.38 22.09 22.09 84.2 71.78 
18.03 26.02 29.02 41.01 71.01 74.01 86.01 0 67.0 10.44 16.28 70.06 72.06 4.24 75.06 77.06 7.81 13.0 18.68 23.54 24.52 38.33 39.32 47.27 53.24 56.22 63.2 65.19 80.16 96.19 14.32 19.92 51.35 57.31 96.88 98.86 14.32 15.81 17.03 19.1 20.62 22.2 23.02 23.85 26.42 29.07 30.87 33.62 35.47 37.34 38.28 39.22 44.92 46.84 47.8 50.7 51.66 55.54 56.52 59.44 60.42 61.39 66.29 68.25 53.85 43.08 16.12 72.78 76.69 81.58 87.48 91.41 74.46 85.38 88.29 92.2 86.59 90.47 22.56 28.43 
49.01 41.01 38.01 26.02 4.12 7.07 19.03 67.0 0 57.08 51.09 4.24 5.83 64.07 8.54 10.44 61.2 55.23 49.25 44.28 43.29 29.43 28.44 20.62 14.87 12.08 6.4 5.39 13.93 29.61 54.33 48.37 17.09 11.66 31.78 33.62 62.37 59.44 57.49 54.57 52.63 50.7 49.73 48.76 45.88 43.01 41.11 38.28 36.4 34.54 33.62 32.7 27.29 25.55 24.7 22.2 21.4 18.38 17.69 15.81 15.26 14.76 13.15 13.0 20.52 31.38 66.94 16.49 17.89 20.62 24.84 28.02 19.65 25.61 27.59 30.48 27.02 29.7 65.79 53.71 
8.94 16.49 19.42 31.26 61.13 64.12 76.11 10.44 57.08 0 6.0 60.0 62.0 7.0 65.0 67.0 4.47 2.83 8.25 13.15 14.14 28.07 29.07 37.05 43.05 46.04 53.04 55.04 70.03 86.05 4.24 9.49 41.11 47.1 86.58 88.57 10.77 10.05 10.05 10.77 11.66 12.81 13.45 14.14 16.4 18.87 20.59 23.26 25.08 26.93 27.86 28.79 34.48 36.4 37.36 40.26 41.23 45.12 46.1 49.03 50.01 50.99 55.9 57.87 43.42 32.7 15.26 62.37 66.29 71.2 77.1 81.05 64.03 74.95 77.88 81.79 76.16 80.05 19.65 20.62 
4.47 10.77 13.6 25.32 55.15 58.14 70.11 16.28 51.09 6.0 0 54.0 56.0 13.0 59.0 61.0 10.2 4.47 2.83 7.28 8.25 22.09 23.09 31.06 37.05 40.05 47.04 49.04 64.03 80.06 4.24 4.24 35.13 41.11 80.62 82.61 14.14 12.21 11.18 10.2 10.0 10.2 10.44 10.77 12.21 14.14 15.62 18.03 19.72 21.47 22.36 23.26 28.79 30.68 31.62 34.48 35.44 39.29 40.26 43.17 44.15 45.12 50.01 51.97 37.64 27.29 19.1 56.52 60.42 65.31 71.2 75.13 58.24 69.12 72.03 75.93 70.34 74.22 21.95 19.1 
52.15 44.18 41.19 29.27 4.12 5.66 16.49 70.06 4.24 60.0 54.0 0 2.0 67.0 5.0 7.0 64.03 58.03 52.04 47.04 46.04 32.06 31.06 23.09 17.12 14.14 7.28 5.39 10.2 26.17 57.08 51.09 19.24 13.34 27.86 29.73 64.78 61.81 59.84 56.89 54.92 52.95 51.97 50.99 48.05 45.12 43.17 40.26 38.33 36.4 35.44 34.48 28.79 26.93 26.0 23.26 22.36 18.87 18.03 15.62 14.87 14.14 11.18 10.44 21.1 32.7 69.23 13.04 13.93 16.4 20.62 23.85 16.12 21.4 23.35 26.25 22.8 25.46 67.72 55.36 
54.15 46.17 43.19 31.26 4.12 4.47 14.56 72.06 5.83 62.0 56.0 2.0 0 69.0 3.0 5.0 66.03 60.03 54.04 49.04 48.04 34.06 33.06 25.08 19.1 16.12 9.22 7.28 8.25 24.19 59.08 53.08 21.21 15.3 26.0 27.86 66.75 63.79 61.81 58.86 56.89 54.92 53.94 52.95 50.01 47.07 45.12 42.2 40.26 38.33 37.36 36.4 30.68 28.79 27.86 25.08 24.17 20.59 19.72 17.2 16.4 15.62 12.21 11.18 22.83 34.54 71.2 13.04 13.34 15.26 19.1 22.2 16.0 20.25 22.02 24.76 21.63 24.08 69.64 57.25 
15.52 23.35 26.31 38.21 68.12 71.11 83.1 4.24 64.07 7.0 13.0 67.0 69.0 0 72.0 74.0 3.61 9.22 15.13 20.1 21.1 35.06 36.06 44.05 50.04 53.04 60.03 62.03 77.03 93.05 10.44 16.28 48.09 54.08 93.54 95.52 10.44 11.66 12.81 14.87 16.4 18.03 18.87 19.72 22.36 25.08 26.93 29.73 31.62 33.53 34.48 35.44 41.23 43.17 44.15 47.07 48.05 51.97 52.95 55.9 56.89 57.87 62.8 64.78 50.22 39.22 13.04 69.23 73.16 78.09 84.01 87.97 70.83 81.79 84.72 88.65 82.98 86.88 19.1 24.21 
57.14 49.16 46.17 34.23 5.66 4.12 11.7 75.06 8.54 65.0 59.0 5.0 3.0 72.0 0 2.0 69.03 63.03 57.04 52.04 51.04 37.05 36.06 28.07 22.09 19.1 12.17 10.2 5.39 21.21 62.07 56.08 24.19 18.25 23.26 25.08 69.72 66.75 64.78 61.81 59.84 57.87 56.89 55.9 52.95 50.01 48.05 45.12 43.17 41.23 40.26 39.29 33.53 31.62 30.68 27.86 26.93 23.26 22.36 19.72 18.87 18.03 14.14 12.81 25.5 37.34 74.15 13.6 13.0 13.93 17.03 19.85 16.28 18.79 20.25 22.67 20.12 22.2 72.53 60.08 
59.14 51.16 48.17 36.22 7.21 5.0 9.85 77.06 10.44 67.0 61.0 7.0 5.0 74.0 2.0 0 71.03 65.03 59.03 54.04 53.04 39.05 38.05 30.07 24.08 21.1 14.14 12.17 3.61 19.24 64.07 58.08 26.17 20.22 21.47 23.26 71.7 68.73 66.75 63.79 61.81 59.84 58.86 57.87 54.92 51.97 50.01 47.07 45.12 43.17 42.2 41.23 35.44 33.53 32.57 29.73 28.79 25.08 24.17 21.47 20.59 19.72 15.62 14.14 27.31 39.22 76.12 14.32 13.15 13.34 15.81 18.38 16.76 18.03 19.24 21.4 19.31 21.1 74.46 61.98 
13.42 20.88 23.77 35.51 65.28 68.26 80.22 7.81 61.2 4.47 10.2 64.03 66.03 3.61 69.03 71.03 0 6.0 12.0 17.0 18.0 32.0 33.0 41.0 47.0 50.0 57.0 59.0 74.0 90.01 7.07 13.04 45.01 51.01 90.35 92.35 8.0 8.54 9.43 11.31 12.81 14.42 15.26 16.12 18.79 21.54 23.41 26.25 28.16 30.08 31.05 32.02 37.85 39.81 40.79 43.74 44.72 48.66 49.65 52.61 53.6 54.59 59.54 61.52 46.87 35.74 11.7 65.92 69.87 74.81 80.75 84.72 67.47 78.45 81.39 85.33 79.62 83.55 17.03 20.81 
8.49 15.23 18.03 29.61 59.3 62.29 74.24 13.0 55.23 2.83 4.47 58.03 60.03 9.22 63.03 65.03 6.0 0 6.0 11.0 12.0 26.0 27.0 35.0 41.0 44.0 51.0 53.0 68.0 84.01 1.41 7.07 39.01 45.01 84.38 86.37 10.0 8.54 8.06 8.25 8.94 10.0 10.63 11.31 13.6 16.12 17.89 20.62 22.47 24.35 25.3 26.25 32.02 33.96 34.93 37.85 38.83 42.76 43.74 46.69 47.68 48.66 53.6 55.58 41.0 30.08 14.87 60.02 63.95 68.88 74.81 78.77 61.61 72.57 75.5 79.43 73.76 77.67 18.38 18.03 
6.0 10.0 12.53 23.77 53.34 56.32 68.26 18.68 49.25 8.25 2.83 52.04 54.04 15.13 57.04 59.03 12.0 6.0 0 5.0 6.0 20.0 21.0 29.0 35.0 38.0 45.0 47.0 62.0 78.01 5.1 1.41 33.02 39.01 78.41 80.4 14.42 12.04 10.63 8.94 8.25 8.0 8.06 8.25 9.43 11.31 12.81 15.26 17.0 18.79 19.7 20.62 26.25 28.16 29.12 32.02 32.98 36.88 37.85 40.79 41.77 42.76 47.68 49.65 35.17 24.6 19.42 54.13 58.05 62.97 68.88 72.84 55.79 66.71 69.63 73.55 67.91 71.81 21.4 17.0 
7.81 6.71 8.49 18.97 48.37 51.35 63.29 23.54 44.28 13.15 7.28 47.04 49.04 20.1 52.04 54.04 17.0 11.0 5.0 0 1.0 15.0 16.0 24.0 30.0 33.0 40.0 42.0 57.0 73.01 10.05 4.12 28.02 34.01 73.44 75.43 18.79 16.12 14.42 12.04 10.63 9.43 8.94 8.54 8.0 8.54 9.43 11.31 12.81 14.42 15.26 16.12 21.54 23.41 24.35 27.2 28.16 32.02 32.98 35.9 36.88 37.85 42.76 44.72 30.36 20.25 23.71 49.24 53.15 58.05 63.95 67.9 50.96 61.85 64.76 68.66 63.06 66.94 24.76 17.72 
8.49 6.32 7.81 18.03 47.38 50.36 62.29 24.52 43.29 14.14 8.25 46.04 48.04 21.1 51.04 53.04 18.0 12.0 6.0 1.0 0 14.0 15.0 23.0 29.0 32.0 39.0 41.0 56.0 72.01 11.05 5.1 27.02 33.02 72.44 74.43 19.7 17.0 15.26 12.81 11.31 10.0 9.43 8.94 8.06 8.25 8.94 10.63 12.04 13.6 14.42 15.26 20.62 22.47 23.41 26.25 27.2 31.05 32.02 34.93 35.9 36.88 41.77 43.74 29.41 19.42 24.6 48.27 52.17 57.07 62.97 66.91 50.0 60.88 63.79 67.68 62.1 65.97 25.5 18.03 
20.88 13.42 10.82 6.71 33.54 36.5 48.37 38.33 29.43 28.07 22.09 32.06 34.06 35.06 37.05 39.05 32.0 26.0 20.0 15.0 14.0 0 1.0 9.0 15.0 18.0 25.0 27.0 42.0 58.01 25.02 19.03 13.04 19.03 58.55 60.53 32.98 30.08 28.16 25.3 23.41 21.54 20.62 19.7 17.0 14.42 12.81 10.63 9.43 8.54 8.25 8.06 9.43 10.63 11.31 13.6 14.42 17.89 18.79 21.54 22.47 23.41 28.16 30.08 16.64 11.18 37.64 34.79 38.6 43.42 49.24 53.15 36.77 47.43 50.29 54.12 48.7 52.5 37.12 26.25 
21.84 14.32 11.66 6.32 32.56 35.51 47.38 39.32 28.44 29.07 23.09 31.06 33.06 36.06 36.06 38.05 33.0 27.0 21.0 16.0 15.0 1.0 0 8.0 14.0 17.0 24.0 26.0 41.0 57.01 26.02 20.02 12.04 18.03 57.56 59.54 33.96 31.05 29.12 26.25 24.35 22.47 21.54 20.62 17.89 15.26 13.6 11.31 10.0 8.94 8.54 8.25 8.94 10.0 10.63 12.81 13.6 17.0 17.89 20.62 21.54 22.47 27.2 29.12 15.81 11.05 38.6 33.84 37.64 42.45 48.27 52.17 35.85 46.49 49.34 53.16 47.76 51.55 38.01 27.02 
29.61 21.84 18.97 8.49 24.74 27.66 39.46 47.27 20.62 37.05 31.06 23.09 25.08 44.05 28.07 30.07 41.0 35.0 29.0 24.0 23.0 9.0 8.0 0 6.0 9.0 16.0 18.0 33.0 49.01 34.01 28.02 4.12 10.05 49.65 51.62 41.77 38.83 36.88 33.96 32.02 30.08 29.12 28.16 25.3 22.47 20.62 17.89 16.12 14.42 13.6 12.81 8.94 8.25 8.06 8.25 8.54 10.63 11.31 13.6 14.42 15.26 19.7 21.54 10.3 13.04 46.32 26.4 30.08 34.79 40.52 44.38 28.65 39.0 41.79 45.54 40.31 44.01 45.31 33.62 
35.51 27.66 24.74 13.42 18.97 21.84 33.54 53.24 14.87 43.05 37.05 17.12 19.1 50.04 22.09 24.08 47.0 41.0 35.0 30.0 29.0 15.0 14.0 6.0 0 3.0 10.0 12.0 27.0 43.01 40.01 34.01 2.24 4.12 43.74 45.71 47.68 44.72 42.76 39.81 37.85 35.9 34.93 33.96 31.05 28.16 26.25 23.41 21.54 19.7 18.79 17.89 12.81 11.31 10.63 8.94 8.54 8.06 8.25 9.43 10.0 10.63 14.42 16.12 9.06 17.03 52.17 21.1 24.6 29.15 34.79 38.6 23.6 33.54 36.25 39.92 34.89 38.48 50.92 38.91 
38.47 30.59 27.66 16.16 16.16 18.97 30.59 56.22 12.08 46.04 40.05 14.14 16.12 53.04 19.1 21.1 50.0 44.0 38.0 33.0 32.0 18.0 17.0 9.0 3.0 0 7.0 9.0 24.0 40.01 43.01 37.01 5.1 1.41 40.79 42.76 50.64 47.68 45.71 42.76 40.79 38.83 37.85 36.88 33.96 31.05 29.12 26.25 24.35 22.47 21.54 20.62 15.26 13.6 12.81 10.63 10.0 8.25 8.06 8.25 8.54 8.94 12.04 13.6 9.85 19.42 55.11 18.6 21.95 26.4 31.95 35.74 21.26 30.89 33.54 37.16 32.25 35.78 53.76 41.63 
45.4 37.48 34.53 22.8 10.0 12.53 23.77 63.2 6.4 53.04 47.04 7.28 9.22 60.03 12.17 14.14 57.0 51.0 45.0 40.0 39.0 25.0 24.0 16.0 10.0 7.0 0 2.0 17.0 33.02 50.01 44.01 12.04 6.08 33.96 35.9 57.56 54.59 52.61 49.65 47.68 45.71 44.72 43.74 40.79 37.85 35.9 32.98 31.05 29.12 28.16 27.2 21.54 19.7 18.79 16.12 15.26 12.04 11.31 9.43 8.94 8.54 8.25 8.94 14.21 25.5 61.98 13.6 16.28 20.25 25.5 29.15 16.64 25.0 27.46 30.89 26.4 29.68 60.44 48.1 
47.38 39.46 36.5 24.74 8.49 10.82 21.84 65.19 5.39 55.04 49.04 5.39 7.28 62.03 10.2 12.17 59.0 53.0 47.0 42.0 41.0 27.0 26.0 18.0 12.0 9.0 2.0 0 15.0 31.02 52.01 46.01 14.04 8.06 32.02 33.96 59.54 56.57 54.59 51.62 49.65 47.68 46.69 45.71 42.76 39.81 37.85 34.93 32.98 31.05 30.08 29.12 23.41 21.54 20.62 17.89 17.0 13.6 12.81 10.63 10.0 9.43 8.0 8.25 15.81 27.31 63.95 12.53 14.87 18.6 23.71 27.31 15.65 23.43 25.81 29.15 24.84 28.02 62.36 49.98 
62.29 54.33 51.35 39.46 10.82 8.49 8.49 80.16 13.93 70.03 64.03 10.2 8.25 77.03 5.39 3.61 74.0 68.0 62.0 57.0 56.0 42.0 41.0 33.0 27.0 24.0 17.0 15.0 0 16.03 67.01 61.01 29.02 23.02 17.89 19.7 74.43 71.45 69.46 66.48 64.5 62.51 61.52 60.53 57.56 54.59 52.61 49.65 47.68 45.71 44.72 43.74 37.85 35.9 34.93 32.02 31.05 27.2 26.25 23.41 22.47 21.54 17.0 15.26 29.41 41.48 78.77 14.21 12.08 11.0 12.53 14.87 16.12 15.3 16.16 18.03 16.49 17.89 76.9 64.29 
78.31 70.35 67.36 55.44 25.96 23.09 12.21 96.19 29.61 86.05 80.06 26.17 24.19 93.05 21.21 19.24 90.01 84.01 78.01 73.01 72.01 58.01 57.01 49.01 43.01 40.01 33.02 31.02 16.03 0 83.0 77.0 45.0 39.0 7.0 7.28 90.27 87.28 85.29 82.3 80.31 78.31 77.32 76.32 73.33 70.35 68.36 65.38 63.39 61.4 60.41 59.41 53.46 51.48 50.49 47.52 46.53 42.58 41.59 38.64 37.66 36.67 31.78 29.83 44.72 56.89 94.53 26.93 23.26 18.87 14.14 11.66 27.29 19.1 17.2 15.23 19.21 17.0 92.4 79.62 
8.6 14.76 17.46 28.86 58.42 61.4 73.33 14.32 54.33 4.24 4.24 57.08 59.08 10.44 62.07 64.07 7.07 1.41 5.1 10.05 11.05 25.02 26.02 34.01 40.01 43.01 50.01 52.01 67.01 83.0 0 6.0 38.0 44.0 83.29 85.29 9.9 8.06 7.28 7.07 7.62 8.6 9.22 9.9 12.21 14.76 16.55 19.31 21.19 23.09 24.04 25.0 30.81 32.76 33.73 36.67 37.66 41.59 42.58 45.54 46.53 47.52 52.47 54.45 39.81 28.79 14.87 58.86 62.8 67.74 73.68 77.65 60.42 71.39 74.33 78.26 72.57 76.49 17.89 16.76 
7.07 9.9 12.21 23.09 52.47 55.44 67.36 19.92 48.37 9.49 4.24 51.09 53.08 16.28 56.08 58.08 13.04 7.07 1.41 4.12 5.1 19.03 20.02 28.02 34.01 37.01 44.01 46.01 61.01 77.0 6.0 0 32.0 38.0 77.32 79.31 14.76 12.21 10.63 8.6 7.62 7.07 7.0 7.07 8.06 9.9 11.4 13.89 15.65 17.46 18.38 19.31 25.0 26.93 27.89 30.81 31.78 35.69 36.67 39.62 40.61 41.59 46.53 48.51 33.96 23.26 19.72 52.95 56.89 61.81 67.74 71.7 54.57 65.51 68.45 72.37 66.71 70.61 21.26 16.03 
33.73 25.96 23.09 12.21 21.19 24.04 35.69 51.35 17.09 41.11 35.13 19.24 21.21 48.09 24.19 26.17 45.01 39.01 33.02 28.02 27.02 13.04 12.04 4.12 2.24 5.1 12.04 14.04 29.02 45.0 38.0 32.0 0 6.0 45.54 47.52 45.54 42.58 40.61 37.66 35.69 33.73 32.76 31.78 28.86 25.96 24.04 21.19 19.31 17.46 16.55 15.65 10.63 9.22 8.6 7.28 7.07 7.62 8.06 9.9 10.63 11.4 15.65 17.46 8.06 14.87 50.01 22.36 26.0 30.68 36.4 40.26 24.7 34.93 37.7 41.44 36.25 39.92 48.7 36.67 
39.62 31.78 28.86 17.46 15.65 18.38 29.83 57.31 11.66 47.1 41.11 13.34 15.3 54.08 18.25 20.22 51.01 45.01 39.01 34.01 33.02 19.03 18.03 10.05 4.12 1.41 6.08 8.06 23.02 39.0 44.0 38.0 6.0 0 39.62 41.59 51.48 48.51 46.53 43.57 41.59 39.62 38.64 37.66 34.71 31.78 29.83 26.93 25.0 23.09 22.14 21.19 15.65 13.89 13.04 10.63 9.9 7.62 7.28 7.07 7.28 7.62 10.63 12.21 9.43 19.72 55.9 17.2 20.59 25.08 30.68 34.48 19.85 29.53 32.2 35.85 30.89 34.44 54.41 42.15 
79.25 71.39 68.45 56.75 28.65 26.08 17.2 96.88 31.78 86.58 80.62 27.86 26.0 93.54 23.26 21.47 90.35 84.38 78.41 73.44 72.44 58.55 57.56 49.65 43.74 40.79 33.96 32.02 17.89 7.0 83.29 77.32 45.54 39.62 0 2.0 90.0 87.0 85.0 82.0 80.0 78.0 77.0 76.0 73.0 70.0 68.0 65.0 63.0 61.0 60.0 59.0 53.0 51.0 50.0 47.0 46.0 42.0 41.0 38.0 37.0 36.0 31.0 29.0 44.01 56.08 94.05 25.18 21.21 16.28 10.44 6.71 24.74 14.76 12.21 9.22 14.42 11.31 91.44 78.52 
81.22 73.35 70.41 58.69 30.41 27.78 18.44 98.86 33.62 88.57 82.61 29.73 27.86 95.52 25.08 23.26 92.35 86.37 80.4 75.43 74.43 60.53 59.54 51.62 45.71 42.76 35.9 33.96 19.7 7.28 85.29 79.31 47.52 41.59 2.0 0 92.0 89.0 87.0 84.0 82.0 80.0 79.0 78.0 75.0 72.0 70.0 67.0 65.0 63.0 62.0 61.0 55.0 53.0 52.0 49.0 48.0 44.0 43.0 40.0 39.0 38.0 33.0 31.0 46.01 58.08 96.05 27.17 23.19 18.25 12.37 8.54 26.68 16.55 13.89 10.63 16.12 12.81 93.43 80.5 
18.44 24.41 26.93 37.7 66.49 69.43 81.22 14.32 62.37 10.77 14.14 64.78 66.75 10.44 69.72 71.7 8.0 10.0 14.42 18.79 19.7 32.98 33.96 41.77 47.68 50.64 57.56 59.54 74.43 90.27 9.9 14.76 45.54 51.48 90.0 92.0 0 3.0 5.0 8.0 10.0 12.0 13.0 14.0 17.0 20.0 22.0 25.0 27.0 29.0 30.0 31.0 37.0 39.0 40.0 43.0 44.0 48.0 49.0 52.0 53.0 54.0 59.0 61.0 46.01 34.13 5.0 65.07 69.07 74.06 80.06 84.05 66.27 77.32 80.31 84.29 78.41 82.39 9.06 15.0 
16.64 22.02 24.41 34.93 63.56 66.49 78.26 15.81 59.44 10.05 12.21 61.81 63.79 11.66 66.75 68.73 8.54 8.54 12.04 16.12 17.0 30.08 31.05 38.83 44.72 47.68 54.59 56.57 71.45 87.28 8.06 12.21 42.58 48.51 87.0 89.0 3.0 0 2.0 5.0 7.0 9.0 10.0 11.0 14.0 17.0 19.0 22.0 24.0 26.0 27.0 28.0 34.0 36.0 37.0 40.0 41.0 45.0 46.0 49.0 50.0 51.0 56.0 58.0 43.01 31.14 7.62 62.07 66.07 71.06 77.06 81.06 63.29 74.33 77.32 81.3 75.43 79.4 9.85 12.73 
15.65 20.52 22.8 33.11 61.61 64.54 76.3 17.03 57.49 10.05 11.18 59.84 61.81 12.81 64.78 66.75 9.43 8.06 10.63 14.42 15.26 28.16 29.12 36.88 42.76 45.71 52.61 54.59 69.46 85.29 7.28 10.63 40.61 46.53 85.0 87.0 5.0 2.0 0 3.0 5.0 7.0 8.0 9.0 12.0 15.0 17.0 20.0 22.0 24.0 25.0 26.0 32.0 34.0 35.0 38.0 39.0 43.0 44.0 47.0 48.0 49.0 54.0 56.0 41.01 29.15 9.49 60.07 64.07 69.07 75.06 79.06 61.29 72.34 75.33 79.31 73.44 77.41 10.82 11.4 
14.56 18.44 20.52 30.41 58.69 61.61 73.35 19.1 54.57 10.77 10.2 56.89 58.86 14.87 61.81 63.79 11.31 8.25 8.94 12.04 12.81 25.3 26.25 33.96 39.81 42.76 49.65 51.62 66.48 82.3 7.07 8.6 37.66 43.57 82.0 84.0 8.0 5.0 3.0 0 2.0 4.0 5.0 6.0 9.0 12.0 14.0 17.0 19.0 21.0 22.0 23.0 29.0 31.0 32.0 35.0 36.0 40.0 41.0 44.0 45.0 46.0 51.0 53.0 38.01 26.17 12.37 57.08 61.07 66.07 72.06 76.06 58.31 69.35 72.34 76.32 70.46 74.43 12.73 9.85 
14.14 17.2 19.1 28.65 56.75 59.67 71.39 20.62 52.63 11.66 10.0 54.92 56.89 16.4 59.84 61.81 12.81 8.94 8.25 10.63 11.31 23.41 24.35 32.02 37.85 40.79 47.68 49.65 64.5 80.31 7.62 7.62 35.69 41.59 80.0 82.0 10.0 7.0 5.0 2.0 0 2.0 3.0 4.0 7.0 10.0 12.0 15.0 17.0 19.0 20.0 21.0 27.0 29.0 30.0 33.0 34.0 38.0 39.0 42.0 43.0 44.0 49.0 51.0 36.01 24.19 14.32 55.08 59.08 64.07 70.06 74.06 56.32 67.36 70.35 74.33 68.47 72.44 14.21 9.22 
14.0 16.12 17.8 26.93 54.82 57.72 69.43 22.2 50.7 12.81 10.2 52.95 54.92 18.03 57.87 59.84 14.42 10.0 8.0 9.43 10.0 21.54 22.47 30.08 35.9 38.83 45.71 47.68 62.51 78.31 8.6 7.07 33.73 39.62 78.0 80.0 12.0 9.0 7.0 4.0 2.0 0 1.0 2.0 5.0 8.0 10.0 13.0 15.0 17.0 18.0 19.0 25.0 27.0 28.0 31.0 32.0 36.0 37.0 40.0 41.0 42.0 47.0 49.0 34.01 22.2 16.28 53.08 57.08 62.07 68.07 72.06 54.33 65.38 68.36 72.34 66.48 70.46 15.81 9.0 
14.04 15.65 17.2 26.08 53.85 56.75 68.45 23.02 49.73 13.45 10.44 51.97 53.94 18.87 56.89 58.86 15.26 10.63 8.06 8.94 9.43 20.62 21.54 29.12 34.93 37.85 44.72 46.69 61.52 77.32 9.22 7.0 32.76 38.64 77.0 79.0 13.0 10.0 8.0 5.0 3.0 1.0 0 1.0 4.0 7.0 9.0 12.0 14.0 16.0 17.0 18.0 24.0 26.0 27.0 30.0 31.0 35.0 36.0 39.0 40.0 41.0 46.0 48.0 33.02 21.21 17.26 52.09 56.08 61.07 67.07 71.06 53.34 64.38 67.36 71.34 65.49 69.46 16.64 9.06 
14.14 15.23 16.64 25.24 52.89 55.79 67.47 23.85 48.76 14.14 10.77 50.99 52.95 19.72 55.9 57.87 16.12 11.31 8.25 8.54 8.94 19.7 20.62 28.16 33.96 36.88 43.74 45.71 60.53 76.32 9.9 7.07 31.78 37.66 76.0 78.0 14.0 11.0 9.0 6.0 4.0 2.0 1.0 0 3.0 6.0 8.0 11.0 13.0 15.0 16.0 17.0 23.0 25.0 26.0 29.0 30.0 34.0 35.0 38.0 39.0 40.0 45.0 47.0 32.02 20.22 18.25 51.09 55.08 60.07 66.07 70.06 52.35 63.39 66.37 70.35 64.5 68.47 17.49 9.22 
14.87 14.32 15.23 22.8 50.0 52.89 64.54 26.42 45.88 16.4 12.21 48.05 50.01 22.36 52.95 54.92 18.79 13.6 9.43 8.0 8.06 17.0 17.89 25.3 31.05 33.96 40.79 42.76 57.56 73.33 12.21 8.06 28.86 34.71 73.0 75.0 17.0 14.0 12.0 9.0 7.0 5.0 4.0 3.0 0 3.0 5.0 8.0 10.0 12.0 13.0 14.0 20.0 22.0 23.0 26.0 27.0 31.0 32.0 35.0 36.0 37.0 42.0 44.0 29.02 17.26 21.21 48.09 52.09 57.08 63.07 67.07 49.37 60.41 63.39 67.36 61.52 65.49 20.12 10.3 
16.12 14.0 14.32 20.52 47.13 50.0 61.61 29.07 43.01 18.87 14.14 45.12 47.07 25.08 50.01 51.97 21.54 16.12 11.31 8.54 8.25 14.42 15.26 22.47 28.16 31.05 37.85 39.81 54.59 70.35 14.76 9.9 25.96 31.78 70.0 72.0 20.0 17.0 15.0 12.0 10.0 8.0 7.0 6.0 3.0 0 2.0 5.0 7.0 9.0 10.0 11.0 17.0 19.0 20.0 23.0 24.0 28.0 29.0 32.0 33.0 34.0 39.0 41.0 26.02 14.32 24.19 45.1 49.09 54.08 60.07 64.07 46.39 57.43 60.41 64.38 58.55 62.51 22.85 12.04 
17.2 14.14 14.04 19.1 45.22 48.08 59.67 30.87 41.11 20.59 15.62 43.17 45.12 26.93 48.05 50.01 23.41 17.89 12.81 9.43 8.94 12.81 13.6 20.62 26.25 29.12 35.9 37.85 52.61 68.36 16.55 11.4 24.04 29.83 68.0 70.0 22.0 19.0 17.0 14.0 12.0 10.0 9.0 8.0 5.0 2.0 0 3.0 5.0 7.0 8.0 9.0 15.0 17.0 18.0 21.0 22.0 26.0 27.0 30.0 31.0 32.0 37.0 39.0 24.02 12.37 26.17 43.1 47.1 52.09 58.08 62.07 44.41 55.44 58.42 62.39 56.57 60.53 24.7 13.45 
19.1 14.87 14.14 17.2 42.38 45.22 56.75 33.62 38.28 23.26 18.03 40.26 42.2 29.73 45.12 47.07 26.25 20.62 15.26 11.31 10.63 10.63 11.31 17.89 23.41 26.25 32.98 34.93 49.65 65.38 19.31 13.89 21.19 26.93 65.0 67.0 25.0 22.0 20.0 17.0 15.0 13.0 12.0 11.0 8.0 5.0 3.0 0 2.0 4.0 5.0 6.0 12.0 14.0 15.0 18.0 19.0 23.0 24.0 27.0 28.0 29.0 34.0 36.0 21.02 9.49 29.15 40.11 44.1 49.09 55.08 59.08 41.44 52.47 55.44 59.41 53.6 57.56 27.51 15.81 
20.52 15.65 14.56 16.12 40.5 43.32 54.82 35.47 36.4 25.08 19.72 38.33 40.26 31.62 43.17 45.12 28.16 22.47 17.0 12.81 12.04 9.43 10.0 16.12 21.54 24.35 31.05 32.98 47.68 63.39 21.19 15.65 19.31 25.0 63.0 65.0 27.0 24.0 22.0 19.0 17.0 15.0 14.0 13.0 10.0 7.0 5.0 2.0 0 2.0 3.0 4.0 10.0 12.0 13.0 16.0 17.0 21.0 22.0 25.0 26.0 27.0 32.0 34.0 19.03 7.62 31.14 38.12 42.11 47.1 53.08 57.08 39.46 50.49 53.46 57.43 51.62 55.58 29.41 17.49 
22.02 16.64 15.23 15.23 38.63 41.44 52.89 37.34 34.54 26.93 21.47 36.4 38.33 33.53 41.23 43.17 30.08 24.35 18.79 14.42 13.6 8.54 8.94 14.42 19.7 22.47 29.12 31.05 45.71 61.4 23.09 17.46 17.46 23.09 61.0 63.0 29.0 26.0 24.0 21.0 19.0 17.0 16.0 15.0 12.0 9.0 7.0 4.0 2.0 0 1.0 2.0 8.0 10.0 11.0 14.0 15.0 19.0 20.0 23.0 24.0 25.0 30.0 32.0 17.03 5.83 33.14 36.12 40.11 45.1 51.09 55.08 37.48 48.51 51.48 55.44 49.65 53.6 31.32 19.24 
22.8 17.2 15.65 14.87 37.7 40.5 51.92 38.28 33.62 27.86 22.36 35.44 37.36 34.48 40.26 42.2 31.05 25.3 19.7 15.26 14.42 8.25 8.54 13.6 18.79 21.54 28.16 30.08 44.72 60.41 24.04 18.38 16.55 22.14 60.0 62.0 30.0 27.0 25.0 22.0 20.0 18.0 17.0 16.0 13.0 10.0 8.0 5.0 3.0 1.0 0 1.0 7.0 9.0 10.0 13.0 14.0 18.0 19.0 22.0 23.0 24.0 29.0 31.0 16.03 5.0 34.13 35.13 39.12 44.1 50.09 54.08 36.5 47.52 50.49 54.45 48.66 52.61 32.28 20.12 
23.6 17.8 16.12 14.56 36.77 39.56 50.96 39.22 32.7 28.79 23.26 34.48 36.4 35.44 39.29 41.23 32.02 26.25 20.62 16.12 15.26 8.06 8.25 12.81 17.89 20.62 27.2 29.12 43.74 59.41 25.0 19.31 15.65 21.19 59.0 61.0 31.0 28.0 26.0 23.0 21.0 19.0 18.0 17.0 14.0 11.0 9.0 6.0 4.0 2.0 1.0 0 6.0 8.0 9.0 12.0 13.0 17.0 18.0 21.0 22.0 23.0 28.0 30.0 15.03 4.24 35.13 34.13 38.12 43.1 49.09 53.08 35.51 46.53 49.5 53.46 47.68 51.62 33.24 21.02 
28.65 22.02 19.8 14.14 31.3 34.01 45.22 44.92 27.29 34.48 28.79 28.79 30.68 41.23 33.53 35.44 37.85 32.02 26.25 21.54 20.62 9.43 8.94 8.94 12.81 15.26 21.54 23.41 37.85 53.46 30.81 25.0 10.63 15.65 53.0 55.0 37.0 34.0 32.0 29.0 27.0 25.0 24.0 23.0 20.0 17.0 15.0 12.0 10.0 8.0 7.0 6.0 0 2.0 3.0 6.0 7.0 11.0 12.0 15.0 16.0 17.0 22.0 24.0 9.06 4.24 41.11 28.16 32.14 37.12 43.1 47.1 29.61 40.61 43.57 47.52 41.77 45.71 39.05 26.57 
30.41 23.6 21.26 14.56 29.53 32.2 43.32 46.84 25.55 36.4 30.68 26.93 28.79 43.17 31.62 33.53 39.81 33.96 28.16 23.41 22.47 10.63 10.0 8.25 11.31 13.6 19.7 21.54 35.9 51.48 32.76 26.93 9.22 13.89 51.0 53.0 39.0 36.0 34.0 31.0 29.0 27.0 26.0 25.0 22.0 19.0 17.0 14.0 12.0 10.0 9.0 8.0 2.0 0 1.0 4.0 5.0 9.0 10.0 13.0 14.0 15.0 20.0 22.0 7.07 5.83 43.1 26.17 30.15 35.13 41.11 45.1 27.66 38.64 41.59 45.54 39.81 43.74 41.0 28.46 
31.3 24.41 22.02 14.87 28.65 31.3 42.38 47.8 24.7 37.36 31.62 26.0 27.86 44.15 30.68 32.57 40.79 34.93 29.12 24.35 23.41 11.31 10.63 8.06 10.63 12.81 18.79 20.62 34.93 50.49 33.73 27.89 8.6 13.04 50.0 52.0 40.0 37.0 35.0 32.0 30.0 28.0 27.0 26.0 23.0 20.0 18.0 15.0 13.0 11.0 10.0 9.0 3.0 1.0 0 3.0 4.0 8.0 9.0 12.0 13.0 14.0 19.0 21.0 6.08 6.71 44.1 25.18 29.15 34.13 40.11 44.1 26.68 37.66 40.61 44.55 38.83 42.76 41.98 29.41 
34.01 26.93 24.41 16.12 26.08 28.65 39.56 50.7 22.2 40.26 34.48 23.26 25.08 47.07 27.86 29.73 43.74 37.85 32.02 27.2 26.25 13.6 12.81 8.25 8.94 10.63 16.12 17.89 32.02 47.52 36.67 30.81 7.28 10.63 47.0 49.0 43.0 40.0 38.0 35.0 33.0 31.0 30.0 29.0 26.0 23.0 21.0 18.0 16.0 14.0 13.0 12.0 6.0 4.0 3.0 0 1.0 5.0 6.0 9.0 10.0 11.0 16.0 18.0 3.16 9.49 47.1 22.2 26.17 31.14 37.12 41.11 23.77 34.71 37.66 41.59 35.9 39.81 44.91 32.28 
34.93 27.78 25.24 16.64 25.24 27.78 38.63 51.66 21.4 41.23 35.44 22.36 24.17 48.05 26.93 28.79 44.72 38.83 32.98 28.16 27.2 14.42 13.6 8.54 8.54 10.0 15.26 17.0 31.05 46.53 37.66 31.78 7.07 9.9 46.0 48.0 44.0 41.0 39.0 36.0 34.0 32.0 31.0 30.0 27.0 24.0 22.0 19.0 17.0 15.0 14.0 13.0 7.0 5.0 4.0 1.0 0 4.0 5.0 8.0 9.0 10.0 15.0 17.0 2.24 10.44 48.09 21.21 25.18 30.15 36.12 40.11 22.8 33.73 36.67 40.61 34.93 38.83 45.89 33.24 
38.63 31.3 28.65 19.1 22.02 24.41 34.93 55.54 18.38 45.12 39.29 18.87 20.59 51.97 23.26 25.08 48.66 42.76 36.88 32.02 31.05 17.89 17.0 10.63 8.06 8.25 12.04 13.6 27.2 42.58 41.59 35.69 7.62 7.62 42.0 44.0 48.0 45.0 43.0 40.0 38.0 36.0 35.0 34.0 31.0 28.0 26.0 23.0 21.0 19.0 18.0 17.0 11.0 9.0 8.0 5.0 4.0 0 1.0 4.0 5.0 6.0 11.0 13.0 2.24 14.32 52.09 17.26 21.21 26.17 32.14 36.12 18.97 29.83 32.76 36.67 31.05 34.93 49.82 37.11 
39.56 32.2 29.53 19.8 21.26 23.6 34.01 56.52 17.69 46.1 40.26 18.03 19.72 52.95 22.36 24.17 49.65 43.74 37.85 32.98 32.02 18.79 17.89 11.31 8.25 8.06 11.31 12.81 26.25 41.59 42.58 36.67 8.06 7.28 41.0 43.0 49.0 46.0 44.0 41.0 39.0 37.0 36.0 35.0 32.0 29.0 27.0 24.0 22.0 20.0 19.0 18.0 12.0 10.0 9.0 6.0 5.0 1.0 0 3.0 4.0 5.0 10.0 12.0 3.16 15.3 53.08 16.28 20.22 25.18 31.14 35.13 18.03 28.86 31.78 35.69 30.08 33.96 50.8 38.08 
42.38 34.93 32.2 22.02 19.1 21.26 31.3 59.44 15.81 49.03 43.17 15.62 17.2 55.9 19.72 21.47 52.61 46.69 40.79 35.9 34.93 21.54 20.62 13.6 9.43 8.25 9.43 10.63 23.41 38.64 45.54 39.62 9.9 7.07 38.0 40.0 52.0 49.0 47.0 44.0 42.0 40.0 39.0 38.0 35.0 32.0 30.0 27.0 25.0 23.0 22.0 21.0 15.0 13.0 12.0 9.0 8.0 4.0 3.0 0 1.0 2.0 7.0 9.0 6.08 18.25 56.08 13.34 17.26 22.2 28.16 32.14 15.23 25.96 28.86 32.76 27.2 31.05 53.76 41.0 
43.32 35.85 33.11 22.8 18.44 20.52 30.41 60.42 15.26 50.01 44.15 14.87 16.4 56.89 18.87 20.59 53.6 47.68 41.77 36.88 35.9 22.47 21.54 14.42 10.0 8.54 8.94 10.0 22.47 37.66 46.53 40.61 10.63 7.28 37.0 39.0 53.0 50.0 48.0 45.0 43.0 41.0 40.0 39.0 36.0 33.0 31.0 28.0 26.0 24.0 23.0 22.0 16.0 14.0 13.0 10.0 9.0 5.0 4.0 1.0 0 1.0 6.0 8.0 7.07 19.24 57.08 12.37 16.28 21.21 27.17 31.14 14.32 25.0 27.89 31.78 26.25 30.08 54.74 41.98 
44.27 36.77 34.01 23.6 17.8 19.8 29.53 61.39 14.76 50.99 45.12 14.14 15.62 57.87 18.03 19.72 54.59 48.66 42.76 37.85 36.88 23.41 22.47 15.26 10.63 8.94 8.54 9.43 21.54 36.67 47.52 41.59 11.4 7.62 36.0 38.0 54.0 51.0 49.0 46.0 44.0 42.0 41.0 40.0 37.0 34.0 32.0 29.0 27.0 25.0 24.0 23.0 17.0 15.0 14.0 11.0 10.0 6.0 5.0 2.0 1.0 0 5.0 7.0 8.06 20.22 58.08 11.4 15.3 20.22 26.17 30.15 13.42 24.04 26.93 30.81 25.3 29.12 55.73 42.95 
49.04 41.44 38.63 27.78 15.23 16.64 25.24 66.29 13.15 55.9 50.01 11.18 12.21 62.8 14.14 15.62 59.54 53.6 47.68 42.76 41.77 28.16 27.2 19.7 14.42 12.04 8.25 8.0 17.0 31.78 52.47 46.53 15.65 10.63 31.0 33.0 59.0 56.0 54.0 51.0 49.0 47.0 46.0 45.0 42.0 39.0 37.0 34.0 32.0 30.0 29.0 28.0 22.0 20.0 19.0 16.0 15.0 11.0 10.0 7.0 6.0 5.0 0 2.0 13.04 25.18 63.07 6.71 10.44 15.3 21.21 25.18 9.22 19.31 22.14 25.96 20.62 24.35 60.67 47.85 
50.96 43.32 40.5 29.53 14.56 15.65 23.6 68.25 13.0 57.87 51.97 10.44 11.18 64.78 12.81 14.14 61.52 55.58 49.65 44.72 43.74 30.08 29.12 21.54 16.12 13.6 8.94 8.25 15.26 29.83 54.45 48.51 17.46 12.21 29.0 31.0 61.0 58.0 56.0 53.0 51.0 49.0 48.0 47.0 44.0 41.0 39.0 36.0 34.0 32.0 31.0 30.0 24.0 22.0 21.0 18.0 17.0 13.0 12.0 9.0 8.0 7.0 2.0 0 15.03 27.17 65.07 5.0 8.54 13.34 19.24 23.19 7.81 17.46 20.25 24.04 18.79 22.47 62.65 49.82 
37.16 30.02 27.46 18.6 24.21 26.63 37.16 53.85 20.52 43.42 37.64 21.1 22.83 50.22 25.5 27.31 46.87 41.0 35.17 30.36 29.41 16.64 15.81 10.3 9.06 9.85 14.21 15.81 29.41 44.72 39.81 33.96 8.06 9.43 44.01 46.01 46.01 43.01 41.01 38.01 36.01 34.01 33.02 32.02 29.02 26.02 24.02 21.02 19.03 17.03 16.03 15.03 9.06 7.07 6.08 3.16 2.24 2.24 3.16 6.08 7.07 8.06 13.04 15.03 0 12.17 50.04 19.1 23.09 28.07 34.06 38.05 20.62 31.58 34.53 38.47 32.76 36.67 47.68 34.93 
27.8 22.02 20.25 17.03 35.36 38.01 49.04 43.08 31.38 32.7 27.29 32.7 34.54 39.22 37.34 39.22 35.74 30.08 24.6 20.25 19.42 11.18 11.05 13.04 17.03 19.42 25.5 27.31 41.48 56.89 28.79 23.26 14.87 19.72 56.08 58.08 34.13 31.14 29.15 26.17 24.19 22.2 21.21 20.22 17.26 14.32 12.37 9.49 7.62 5.83 5.0 4.24 4.24 5.83 6.71 9.49 10.44 14.32 15.3 18.25 19.24 20.22 25.18 27.17 12.17 0 38.0 31.0 35.0 40.0 46.0 50.0 32.14 43.19 46.17 50.16 44.28 48.26 35.51 22.8 
23.35 29.41 31.91 42.54 71.06 73.98 85.7 16.12 66.94 15.26 19.1 69.23 71.2 13.04 74.15 76.12 11.7 14.87 19.42 23.71 24.6 37.64 38.6 46.32 52.17 55.11 61.98 63.95 78.77 94.53 14.87 19.72 50.01 55.9 94.05 96.05 5.0 7.62 9.49 12.37 14.32 16.28 17.26 18.25 21.21 24.19 26.17 29.15 31.14 33.14 34.13 35.13 41.11 43.1 44.1 47.1 48.09 52.09 53.08 56.08 57.08 58.08 63.07 65.07 50.04 38.0 0 69.0 73.0 78.0 84.0 88.0 70.06 81.1 84.1 88.09 82.15 86.15 6.71 17.09 
55.66 48.1 45.31 34.48 17.0 17.26 22.67 72.78 16.49 62.37 56.52 13.04 13.04 69.23 13.6 14.32 65.92 60.02 54.13 49.24 48.27 34.79 33.84 26.4 21.1 18.6 13.6 12.53 14.21 26.93 58.86 52.95 22.36 17.2 25.18 27.17 65.07 62.07 60.07 57.08 55.08 53.08 52.09 51.09 48.09 45.1 43.1 40.11 38.12 36.12 35.13 34.13 28.16 26.17 25.18 22.2 21.21 17.26 16.28 13.34 12.37 11.4 6.71 5.0 19.1 31.0 69.0 0 4.0 9.0 15.0 19.0 3.16 12.65 15.52 19.42 13.93 17.72 66.27 53.34 
59.48 51.87 49.04 38.01 17.46 17.03 20.25 76.69 17.89 66.29 60.42 13.93 13.34 73.16 13.0 13.15 69.87 63.95 58.05 53.15 52.17 38.6 37.64 30.08 24.6 21.95 16.28 14.87 12.08 23.26 62.8 56.89 26.0 20.59 21.21 23.19 69.07 66.07 64.07 61.07 59.08 57.08 56.08 55.08 52.09 49.09 47.1 44.1 42.11 40.11 39.12 38.12 32.14 30.15 29.15 26.17 25.18 21.21 20.22 17.26 16.28 15.3 10.44 8.54 23.09 35.0 73.0 4.0 0 5.0 11.0 15.0 4.24 8.94 11.7 15.52 10.3 13.93 70.26 57.31 
64.29 56.61 53.76 42.54 19.24 18.03 18.03 81.58 20.62 71.2 65.31 16.4 15.26 78.09 13.93 13.34 74.81 68.88 62.97 58.05 57.07 43.42 42.45 34.79 29.15 26.4 20.25 18.6 11.0 18.87 67.74 61.81 30.68 25.08 16.28 18.25 74.06 71.06 69.07 66.07 64.07 62.07 61.07 60.07 57.08 54.08 52.09 49.09 47.1 45.1 44.1 43.1 37.12 35.13 34.13 31.14 30.15 26.17 25.18 22.2 21.21 20.22 15.3 13.34 28.07 40.0 78.0 9.0 5.0 0 6.0 10.0 8.54 5.0 7.21 10.77 6.4 9.43 75.24 62.29 
70.09 62.36 59.48 48.1 22.67 20.81 17.0 87.48 24.84 77.1 71.2 20.62 19.1 84.01 17.03 15.81 80.75 74.81 68.88 63.95 62.97 49.24 48.27 40.52 34.79 31.95 25.5 23.71 12.53 14.14 73.68 67.74 36.4 30.68 10.44 12.37 80.06 77.06 75.06 72.06 70.06 68.07 67.07 66.07 63.07 60.07 58.08 55.08 53.08 51.09 50.09 49.09 43.1 41.11 40.11 37.12 36.12 32.14 31.14 28.16 27.17 26.17 21.21 19.24 34.06 46.0 84.0 15.0 11.0 6.0 0 4.0 14.32 5.0 4.0 5.66 5.39 5.39 81.22 68.26 
73.98 66.22 63.32 51.87 25.5 23.35 17.46 91.41 28.02 81.05 75.13 23.85 22.2 87.97 19.85 18.38 84.72 78.77 72.84 67.9 66.91 53.15 52.17 44.38 38.6 35.74 29.15 27.31 14.87 11.66 77.65 71.7 40.26 34.48 6.71 8.54 84.05 81.06 79.06 76.06 74.06 72.06 71.06 70.06 67.07 64.07 62.07 59.08 57.08 55.08 54.08 53.08 47.1 45.1 44.1 41.11 40.11 36.12 35.13 32.14 31.14 30.15 25.18 23.19 38.05 50.0 88.0 19.0 15.0 10.0 4.0 0 18.25 8.06 5.66 4.0 7.81 5.39 85.21 72.25 
57.58 50.16 47.42 36.89 20.02 20.1 24.41 74.46 19.65 64.03 58.24 16.12 16.0 70.83 16.28 16.76 67.47 61.61 55.79 50.96 50.0 36.77 35.85 28.65 23.6 21.26 16.64 15.65 16.12 27.29 60.42 54.57 24.7 19.85 24.74 26.68 66.27 63.29 61.29 58.31 56.32 54.33 53.34 52.35 49.37 46.39 44.41 41.44 39.46 37.48 36.5 35.51 29.61 27.66 26.68 23.77 22.8 18.97 18.03 15.23 14.32 13.42 9.22 7.81 20.62 32.14 70.06 3.16 4.24 8.54 14.32 18.25 0 11.05 14.04 18.03 12.17 16.12 67.07 54.08 
68.31 60.75 57.94 46.96 24.19 22.85 21.21 85.38 25.61 74.95 69.12 21.4 20.25 81.79 18.79 18.03 78.45 72.57 66.71 61.85 60.88 47.43 46.49 39.0 33.54 30.89 25.0 23.43 15.3 19.1 71.39 65.51 34.93 29.53 14.76 16.55 77.32 74.33 72.34 69.35 67.36 65.38 64.38 63.39 60.41 57.43 55.44 52.47 50.49 48.51 47.52 46.53 40.61 38.64 37.66 34.71 33.73 29.83 28.86 25.96 25.0 24.04 19.31 17.46 31.58 43.19 81.1 12.65 8.94 5.0 5.0 8.06 11.05 0 3.0 7.0 1.41 5.1 78.03 65.03 
71.17 63.57 60.75 49.66 25.81 24.19 21.0 88.29 27.59 77.88 72.03 23.35 22.02 84.72 20.25 19.24 81.39 75.5 69.63 64.76 63.79 50.29 49.34 41.79 36.25 33.54 27.46 25.81 16.16 17.2 74.33 68.45 37.7 32.2 12.21 13.89 80.31 77.32 75.33 72.34 70.35 68.36 67.36 66.37 63.39 60.41 58.42 55.44 53.46 51.48 50.49 49.5 43.57 41.59 40.61 37.66 36.67 32.76 31.78 28.86 27.89 26.93 22.14 20.25 34.53 46.17 84.1 15.52 11.7 7.21 4.0 5.66 14.04 3.0 0 4.0 2.24 2.24 81.02 68.03 
75.0 67.36 64.51 53.31 28.32 26.4 21.38 92.2 30.48 81.79 75.93 26.25 24.76 88.65 22.67 21.4 85.33 79.43 73.55 68.66 67.68 54.12 53.16 45.54 39.92 37.16 30.89 29.15 18.03 15.23 78.26 72.37 41.44 35.85 9.22 10.63 84.29 81.3 79.31 76.32 74.33 72.34 71.34 70.35 67.36 64.38 62.39 59.41 57.43 55.44 54.45 53.46 47.52 45.54 44.55 41.59 40.61 36.67 35.69 32.76 31.78 30.81 25.96 24.04 38.47 50.16 88.09 19.42 15.52 10.77 5.66 4.0 18.03 7.0 4.0 0 6.08 2.24 85.02 72.03 
69.57 62.03 59.24 48.3 25.55 24.17 22.09 86.59 27.02 76.16 70.34 22.8 21.63 82.98 20.12 19.31 79.62 73.76 67.91 63.06 62.1 48.7 47.76 40.31 34.89 32.25 26.4 24.84 16.49 19.21 72.57 66.71 36.25 30.89 14.42 16.12 78.41 75.43 73.44 70.46 68.47 66.48 65.49 64.5 61.52 58.55 56.57 53.6 51.62 49.65 48.66 47.68 41.77 39.81 38.83 35.9 34.93 31.05 30.08 27.2 26.25 25.3 20.62 18.79 32.76 44.28 82.15 13.93 10.3 6.4 5.39 7.81 12.17 1.41 2.24 6.08 0 4.0 79.01 66.01 
73.38 65.79 62.97 51.89 27.8 26.08 22.09 90.47 29.7 80.05 74.22 25.46 24.08 86.88 22.2 21.1 83.55 77.67 71.81 66.94 65.97 52.5 51.55 44.01 38.48 35.78 29.68 28.02 17.89 17.0 76.49 70.61 39.92 34.44 11.31 12.81 82.39 79.4 77.41 74.43 72.44 70.46 69.46 68.47 65.49 62.51 60.53 57.56 55.58 53.6 52.61 51.62 45.71 43.74 42.76 39.81 38.83 34.93 33.96 31.05 30.08 29.12 24.35 22.47 36.67 48.26 86.15 17.72 13.93 9.43 5.39 5.39 16.12 5.1 2.24 2.24 4.0 0 83.01 70.01 
26.42 31.14 33.24 42.72 69.89 72.73 84.2 22.56 65.79 19.65 21.95 67.72 69.64 19.1 72.53 74.46 17.03 18.38 21.4 24.76 25.5 37.12 38.01 45.31 50.92 53.76 60.44 62.36 76.9 92.4 17.89 21.26 48.7 54.41 91.44 93.43 9.06 9.85 10.82 12.73 14.21 15.81 16.64 17.49 20.12 22.85 24.7 27.51 29.41 31.32 32.28 33.24 39.05 41.0 41.98 44.91 45.89 49.82 50.8 53.76 54.74 55.73 60.67 62.65 47.68 35.51 6.71 66.27 70.26 75.24 81.22 85.21 67.07 78.03 81.02 85.02 79.01 83.01 0 13.0 
23.0 24.35 25.5 32.53 57.78 60.54 71.78 28.43 53.71 20.62 19.1 55.36 57.25 24.21 60.08 61.98 20.81 18.03 17.0 17.72 18.03 26.25 27.02 33.62 38.91 41.63 48.1 49.98 64.29 79.62 16.76 16.03 36.67 42.15 78.52 80.5 15.0 12.73 11.4 9.85 9.22 9.0 9.06 9.22 10.3 12.04 13.45 15.81 17.49 19.24 20.12 21.02 26.57 28.46 29.41 32.28 33.24 37.11 38.08 41.0 41.98 42.95 47.85 49.82 34.93 22.8 17.09 53.34 57.31 62.29 68.26 72.25 54.08 65.03 68.03 72.03 66.01 70.01 13.0 0 

